2.500000000000000052e-04 1.186834213433797469e+00
7.500000000000001240e-04 1.189132742402872367e+00
1.250000000000000026e-03 1.191856860882299696e+00
1.750000000000000253e-03 1.194401225264544175e+00
2.250000000000000264e-03 1.197046298420923360e+00
2.750000000000000274e-03 1.199662440449502654e+00
3.250000000000000284e-03 1.202309808709021155e+00
3.749999999999999861e-03 1.204960760000095998e+00
4.250000000000000305e-03 1.207628256373497688e+00
4.750000000000000749e-03 1.210306493082915047e+00
5.250000000000000326e-03 1.212998340138476072e+00
5.750000000000000770e-03 1.215702664106204089e+00
6.250000000000000347e-03 1.218420183267521884e+00
6.750000000000000791e-03 1.221150764756310014e+00
7.250000000000001235e-03 1.223894671855863869e+00
7.749999999999999944e-03 1.226651988764769552e+00
8.250000000000000389e-03 1.229422885895772088e+00
8.750000000000000833e-03 1.232207497696946819e+00
9.250000000000001277e-03 1.235005979023376277e+00
9.750000000000001721e-03 1.237818479271612482e+00
1.025000000000000216e-02 1.240645154378280601e+00
1.074999999999999914e-02 1.243486161396592404e+00
1.124999999999999958e-02 1.246341661089494401e+00
1.175000000000000003e-02 1.249211816839763234e+00
1.225000000000000047e-02 1.252096795255617900e+00
1.275000000000000092e-02 1.254996766000486375e+00
1.325000000000000136e-02 1.257911901982086578e+00
1.375000000000000007e-02 1.260842379379806033e+00
1.425000000000000051e-02 1.263788377749546887e+00
1.475000000000000096e-02 1.266750080096460174e+00
1.525000000000000140e-02 1.269727672965904830e+00
1.575000000000000011e-02 1.272721346529683828e+00
1.625000000000000056e-02 1.275731294678187577e+00
1.675000000000000100e-02 1.278757715113700399e+00
1.725000000000000144e-02 1.281800809447166678e+00
1.775000000000000189e-02 1.284860783297493647e+00
1.825000000000000233e-02 1.287937846393955255e+00
1.874999999999999931e-02 1.291032212681577196e+00
1.924999999999999975e-02 1.294144100429702071e+00
1.975000000000000019e-02 1.297273732343795727e+00
2.025000000000000064e-02 1.300421335680622015e+00
2.075000000000000108e-02 1.303587142366890550e+00
2.125000000000000153e-02 1.306771389121494487e+00
2.175000000000000197e-02 1.309974317581463321e+00
2.225000000000000241e-02 1.313196174431744190e+00
2.274999999999999939e-02 1.316437211538953989e+00
2.325000000000000330e-02 1.319697686089224442e+00
2.375000000000000028e-02 1.322977860730283339e+00
2.425000000000000419e-02 1.326278003717914267e+00
2.475000000000000117e-02 1.329598389066942055e+00
2.525000000000000508e-02 1.332939296706896926e+00
2.575000000000000205e-02 1.336301012642513664e+00
2.624999999999999903e-02 1.339683829119234115e+00
2.675000000000000294e-02 1.343088044793877778e+00
2.724999999999999992e-02 1.346513964910659444e+00
2.775000000000000383e-02 1.349961901482731097e+00
2.825000000000000080e-02 1.353432173479439005e+00
2.875000000000000125e-02 1.356925107019491872e+00
2.925000000000000169e-02 1.360441035570230772e+00
2.975000000000000214e-02 1.363980300153219360e+00
3.025000000000000258e-02 1.367543249556362417e+00
3.075000000000000303e-02 1.371130240552772328e+00
3.125000000000000000e-02 1.374741638126619758e+00
3.175000000000000044e-02 1.378377815706190113e+00
3.225000000000000089e-02 1.382039155404407138e+00
3.275000000000000133e-02 1.385726048267055255e+00
3.325000000000000178e-02 1.389438894528977952e+00
3.375000000000000222e-02 1.393178103878500274e+00
3.425000000000000266e-02 1.396944095730365820e+00
3.475000000000000311e-02 1.400737299507462730e+00
3.525000000000000355e-02 1.404558154931630831e+00
3.575000000000000400e-02 1.408407112323845745e+00
3.624999999999999750e-02 1.412284632914097449e+00
3.675000000000000488e-02 1.416191189161263297e+00
3.724999999999999839e-02 1.420127265083311663e+00
3.775000000000000577e-02 1.424093356598163940e+00
3.824999999999999928e-02 1.428089971875546649e+00
3.874999999999999972e-02 1.432117631700191573e+00
3.925000000000000017e-02 1.436176869846724991e+00
3.975000000000000061e-02 1.440268233466619474e+00
4.025000000000000105e-02 1.444392283487562878e+00
4.075000000000000150e-02 1.448549595025619974e+00
4.125000000000000194e-02 1.452740757810568439e+00
4.174999999999999545e-02 1.456966376624782455e+00
4.225000000000000283e-02 1.461227071756050933e+00
4.275000000000000328e-02 1.465523479464717393e+00
4.325000000000000372e-02 1.469856252465519653e+00
4.374999999999999722e-02 1.474226060424522977e+00
4.424999999999999767e-02 1.478633590471518211e+00
4.475000000000000505e-02 1.483079547728265668e+00
4.525000000000000550e-02 1.487564655852949391e+00
4.574999999999999900e-02 1.492089657601196162e+00
4.624999999999999944e-02 1.496655315404002762e+00
4.674999999999999989e-02 1.501262411962894339e+00
4.725000000000000727e-02 1.505911750862611864e+00
4.775000000000000078e-02 1.510604157201602460e+00
4.825000000000000122e-02 1.515340478240556843e+00
4.875000000000000167e-02 1.520121584069184406e+00
4.925000000000000905e-02 1.524948368291386247e+00
4.975000000000000255e-02 1.529821748728923403e+00
5.025000000000000300e-02 1.534742668143607602e+00
5.075000000000000344e-02 1.539712094977977674e+00
5.124999999999999695e-02 1.544731024114332829e+00
5.175000000000000433e-02 1.549800477651885000e+00
5.225000000000000477e-02 1.554921505701687856e+00
5.275000000000000522e-02 1.560095187198865307e+00
5.324999999999999872e-02 1.565322630731493803e+00
5.374999999999999917e-02 1.570604975385340829e+00
5.425000000000000655e-02 1.575943391603431110e+00
5.475000000000000699e-02 1.581339082059214363e+00
5.525000000000000050e-02 1.586793282541818506e+00
5.575000000000000094e-02 1.592307262851583527e+00
5.625000000000000139e-02 1.597882327703738836e+00
5.675000000000000877e-02 1.603519817637681921e+00
5.725000000000000228e-02 1.609221109928887339e+00
5.775000000000000272e-02 1.614987619499970384e+00
5.825000000000000316e-02 1.620820799826856229e+00
5.874999999999999667e-02 1.626722143835364065e+00
5.925000000000000405e-02 1.632693184782771034e+00
5.975000000000000450e-02 1.638735497118096962e+00
6.025000000000000494e-02 1.644850697313888777e+00
6.074999999999999845e-02 1.651040444661210138e+00
6.124999999999999889e-02 1.657306442018328330e+00
6.175000000000000627e-02 1.663650436502171592e+00
6.225000000000000672e-02 1.670074220110077334e+00
6.275000000000000022e-02 1.676579630257532205e+00
6.325000000000000067e-02 1.683168550215566661e+00
6.375000000000000111e-02 1.689842909429137396e+00
6.425000000000000155e-02 1.696604683695184024e+00
6.475000000000000200e-02 1.703455895176014367e+00
6.525000000000000244e-02 1.710398612220249248e+00
6.575000000000000289e-02 1.717434948959614793e+00
6.625000000000000333e-02 1.724567064645402326e+00
6.675000000000000377e-02 1.731797162683290203e+00
6.725000000000000422e-02 1.739127489319379549e+00
6.775000000000000466e-02 1.746560331923590503e+00
6.825000000000000511e-02 1.754098016808911531e+00
6.875000000000000555e-02 1.761742906516194473e+00
6.925000000000000600e-02 1.769497396484109863e+00
6.975000000000000644e-02 1.777363911012289188e+00
7.025000000000000688e-02 1.785344898412339232e+00
7.075000000000000733e-02 1.793442825226090331e+00
7.124999999999999389e-02 1.801660169372717446e+00
7.175000000000000822e-02 1.809999412065951496e+00
7.225000000000000866e-02 1.818463028318966446e+00
7.275000000000000910e-02 1.827053475827167484e+00
7.324999999999999567e-02 1.835773181987366609e+00
7.374999999999999611e-02 1.844624528774971850e+00
7.425000000000001044e-02 1.853609835157916663e+00
7.475000000000001088e-02 1.862731336676042071e+00
7.524999999999999745e-02 1.871991161756238586e+00
7.574999999999999789e-02 1.881391304265298547e+00
7.624999999999999833e-02 1.890933591722283147e+00
7.675000000000001266e-02 1.900619648497990921e+00
7.724999999999999922e-02 1.910450853218191636e+00
7.774999999999999967e-02 1.920428289456269422e+00
7.825000000000000011e-02 1.930552688645883030e+00
7.875000000000000056e-02 1.940824363960265142e+00
7.925000000000000100e-02 1.951243133685812037e+00
7.975000000000000144e-02 1.961808232356339943e+00
8.025000000000000189e-02 1.972518207601572371e+00
8.075000000000001621e-02 1.983370800287810987e+00
8.125000000000000278e-02 1.994362805076085099e+00
8.175000000000000322e-02 2.005489907975741115e+00
8.224999999999998979e-02 2.016746496807011901e+00
8.275000000000000411e-02 2.028125439676388808e+00
8.325000000000000455e-02 2.039617825577672683e+00
8.375000000000000500e-02 2.051212660013315148e+00
8.425000000000000544e-02 2.062896507025968162e+00
8.474999999999999201e-02 2.074653067162104847e+00
8.525000000000000633e-02 2.086462678558070660e+00
8.575000000000000677e-02 2.098301725412230923e+00
8.624999999999999334e-02 2.110141934410443731e+00
8.675000000000000766e-02 2.121949534972978668e+00
8.724999999999999423e-02 2.133684253174985113e+00
8.775000000000000855e-02 2.145298101432472127e+00
8.825000000000000899e-02 2.156733915954279546e+00
8.874999999999999556e-02 2.167923580721765386e+00
8.925000000000000988e-02 2.178785859225098154e+00
8.974999999999999645e-02 2.189223731725165045e+00
9.024999999999999689e-02 2.199121104066541044e+00
9.075000000000001121e-02 2.208338710586148501e+00
9.124999999999999778e-02 2.216708973303933128e+00
9.175000000000001210e-02 2.224029494545974650e+00
9.224999999999999867e-02 2.230054738404608550e+00
9.274999999999999911e-02 2.234485278897235805e+00
9.325000000000001343e-02 2.236953728727948842e+00
9.375000000000000000e-02 2.237006060429873600e+00
9.425000000000000044e-02 2.234076405703095958e+00
9.475000000000000089e-02 2.227452406927003636e+00
9.525000000000000133e-02 2.216226534942933313e+00
9.575000000000001565e-02 2.199225841571450069e+00
9.625000000000000222e-02 2.174907586847345087e+00
9.675000000000000266e-02 2.141197398462984403e+00
9.725000000000001699e-02 2.095229451369659657e+00
9.775000000000000355e-02 2.032888735788100476e+00
9.825000000000000400e-02 1.948007426303810297e+00
9.875000000000000444e-02 1.830410934453619021e+00
9.925000000000000488e-02 1.662702266420633901e+00
9.975000000000001921e-02 1.394315178301401392e+00
