2.500000000000000052e-04 1.187287541277603387e+00
7.500000000000001240e-04 1.190676968893057186e+00
1.250000000000000026e-03 1.194422635671008370e+00
1.750000000000000253e-03 1.198037239989843572e+00
2.250000000000000264e-03 1.201753774270615693e+00
2.750000000000000274e-03 1.205461514212123664e+00
3.250000000000000284e-03 1.209213717476982364e+00
3.749999999999999861e-03 1.212985440154271899e+00
4.250000000000000305e-03 1.216789031283049827e+00
4.750000000000000749e-03 1.220619070707554821e+00
5.250000000000000326e-03 1.224478612653840948e+00
5.750000000000000770e-03 1.228366681404308380e+00
6.250000000000000347e-03 1.232284227701407886e+00
6.750000000000000791e-03 1.236231292466548837e+00
7.250000000000001235e-03 1.240208357157832175e+00
7.749999999999999944e-03 1.244215701261546903e+00
8.250000000000000389e-03 1.248253708117093463e+00
8.750000000000000833e-03 1.252322719606851598e+00
9.250000000000001277e-03 1.256423105395228390e+00
9.750000000000001721e-03 1.260555230169764895e+00
1.025000000000000216e-02 1.264719469362112436e+00
1.074999999999999914e-02 1.268916201838645730e+00
1.124999999999999958e-02 1.273145813533111514e+00
1.175000000000000003e-02 1.277408695887366274e+00
1.225000000000000047e-02 1.281705246760034500e+00
1.275000000000000092e-02 1.286035870167793416e+00
1.325000000000000136e-02 1.290400976584105797e+00
1.375000000000000007e-02 1.294800982977428960e+00
1.425000000000000051e-02 1.299236312976806751e+00
1.475000000000000096e-02 1.303707396981070854e+00
1.525000000000000140e-02 1.308214672298818382e+00
1.575000000000000011e-02 1.312758583277964686e+00
1.625000000000000056e-02 1.317339581444467278e+00
1.675000000000000100e-02 1.321958125641044646e+00
1.725000000000000144e-02 1.326614682170314197e+00
1.775000000000000189e-02 1.331309724940359374e+00
1.825000000000000233e-02 1.336043735613759775e+00
1.874999999999999931e-02 1.340817203759689047e+00
1.924999999999999975e-02 1.345630627009367863e+00
1.975000000000000019e-02 1.350484511214832040e+00
2.025000000000000064e-02 1.355379370611138556e+00
2.075000000000000108e-02 1.360315727982047251e+00
2.125000000000000153e-02 1.365294114829257222e+00
2.175000000000000197e-02 1.370315071545272767e+00
2.225000000000000241e-02 1.375379147589955497e+00
2.274999999999999939e-02 1.380486901670839206e+00
2.325000000000000330e-02 1.385638901927275901e+00
2.375000000000000028e-02 1.390835726118477167e+00
2.425000000000000419e-02 1.396077961815521684e+00
2.475000000000000117e-02 1.401366206597399522e+00
2.525000000000000508e-02 1.406701068251152043e+00
2.575000000000000205e-02 1.412083164976179805e+00
2.624999999999999903e-02 1.417513125592777534e+00
2.675000000000000294e-02 1.422991589754959652e+00
2.724999999999999992e-02 1.428519208167640775e+00
2.775000000000000383e-02 1.434096642808219801e+00
2.825000000000000080e-02 1.439724567152631529e+00
2.875000000000000125e-02 1.445403666405911558e+00
2.925000000000000169e-02 1.451134637737326871e+00
2.975000000000000214e-02 1.456918190520110068e+00
3.025000000000000258e-02 1.462755046575840989e+00
3.075000000000000303e-02 1.468645940423509266e+00
3.125000000000000000e-02 1.474591619533277331e+00
3.175000000000000044e-02 1.480592844584978529e+00
3.225000000000000089e-02 1.486650389731342781e+00
3.275000000000000133e-02 1.492765042865974223e+00
3.325000000000000178e-02 1.498937605896058844e+00
3.375000000000000222e-02 1.505168895019793673e+00
3.425000000000000266e-02 1.511459741008502444e+00
3.475000000000000311e-02 1.517810989493403095e+00
3.525000000000000355e-02 1.524223501256962710e+00
3.575000000000000400e-02 1.530698152528764622e+00
3.624999999999999750e-02 1.537235835285806207e+00
3.675000000000000488e-02 1.543837457557099668e+00
3.724999999999999839e-02 1.550503943732456369e+00
3.775000000000000577e-02 1.557236234875281733e+00
3.824999999999999928e-02 1.564035289039207299e+00
3.874999999999999972e-02 1.570902081588330113e+00
3.925000000000000017e-02 1.577837605520822084e+00
3.975000000000000061e-02 1.584842871795616670e+00
4.025000000000000105e-02 1.591918909661848902e+00
4.075000000000000150e-02 1.599066766990681732e+00
4.125000000000000194e-02 1.606287510609097025e+00
4.174999999999999545e-02 1.613582226635182248e+00
4.225000000000000283e-02 1.620952020814386163e+00
4.275000000000000328e-02 1.628398018856143326e+00
4.325000000000000372e-02 1.635921366770209717e+00
4.374999999999999722e-02 1.643523231201966528e+00
4.424999999999999767e-02 1.651204799765856546e+00
4.475000000000000505e-02 1.658967281376050096e+00
4.525000000000000550e-02 1.666811906573296476e+00
4.574999999999999900e-02 1.674739927846838672e+00
4.624999999999999944e-02 1.682752619950120598e+00
4.674999999999999989e-02 1.690851280208895968e+00
4.725000000000000727e-02 1.699037228820183376e+00
4.775000000000000078e-02 1.707311809140355852e+00
4.825000000000000122e-02 1.715676387960472171e+00
4.875000000000000167e-02 1.724132355766742952e+00
4.925000000000000905e-02 1.732681126983829145e+00
4.975000000000000255e-02 1.741324140198401427e+00
5.025000000000000300e-02 1.750062858360139639e+00
5.075000000000000344e-02 1.758898768957049885e+00
5.124999999999999695e-02 1.767833384161653143e+00
5.175000000000000433e-02 1.776868240944251998e+00
5.225000000000000477e-02 1.786004901149064850e+00
5.275000000000000522e-02 1.795244951528609523e+00
5.324999999999999872e-02 1.804590003731220804e+00
5.374999999999999917e-02 1.814041694236067315e+00
5.425000000000000655e-02 1.823601684229431363e+00
5.475000000000000699e-02 1.833271659415398824e+00
5.525000000000000050e-02 1.843053329753357339e+00
5.575000000000000094e-02 1.852948429113934203e+00
5.625000000000000139e-02 1.862958714844121566e+00
5.675000000000000877e-02 1.873085967231364002e+00
5.725000000000000228e-02 1.883331988855307060e+00
5.775000000000000272e-02 1.893698603814732984e+00
5.825000000000000316e-02 1.904187656815846230e+00
5.874999999999999667e-02 1.914801012106643441e+00
5.925000000000000405e-02 1.925540552240444736e+00
5.975000000000000450e-02 1.936408176649848212e+00
6.025000000000000494e-02 1.947405800010350019e+00
6.074999999999999845e-02 1.958535350370622652e+00
6.124999999999999889e-02 1.969798767023919206e+00
6.175000000000000627e-02 1.981197998092276702e+00
6.225000000000000672e-02 1.992734997792057872e+00
6.275000000000000022e-02 2.004411723345859819e+00
6.325000000000000067e-02 2.016230131501916212e+00
6.375000000000000111e-02 2.028192174617706733e+00
6.425000000000000155e-02 2.040299796259596565e+00
6.475000000000000200e-02 2.052554926264766877e+00
6.525000000000000244e-02 2.064959475205527362e+00
6.575000000000000289e-02 2.077515328189101673e+00
6.625000000000000333e-02 2.090224337918096253e+00
6.675000000000000377e-02 2.103088316928048762e+00
6.725000000000000422e-02 2.116109028908394585e+00
6.775000000000000466e-02 2.129288179001892267e+00
6.825000000000000511e-02 2.142627402964780714e+00
6.875000000000000555e-02 2.156128255055377529e+00
6.925000000000000600e-02 2.169792194502409899e+00
6.975000000000000644e-02 2.183620570385639059e+00
7.025000000000000688e-02 2.197614604740041777e+00
7.075000000000000733e-02 2.211775373670533895e+00
7.124999999999999389e-02 2.226103786236509841e+00
7.175000000000000822e-02 2.240600560833748478e+00
7.225000000000000866e-02 2.255266198764942498e+00
7.275000000000000910e-02 2.270100954648396119e+00
7.324999999999999567e-02 2.285104803266516882e+00
7.374999999999999611e-02 2.300277402400520366e+00
7.425000000000001044e-02 2.315618051134008759e+00
7.475000000000001088e-02 2.331125643034385853e+00
7.524999999999999745e-02 2.346798613535593159e+00
7.574999999999999789e-02 2.362634880746384169e+00
7.624999999999999833e-02 2.378631778792729357e+00
7.675000000000001266e-02 2.394785982668003577e+00
7.724999999999999922e-02 2.411093423406676983e+00
7.774999999999999967e-02 2.427549192211912121e+00
7.825000000000000011e-02 2.444147431949480698e+00
7.875000000000000056e-02 2.460881214163110009e+00
7.925000000000000100e-02 2.477742399461954292e+00
7.975000000000000144e-02 2.494721478769365230e+00
8.025000000000000189e-02 2.511807392491580249e+00
8.075000000000001621e-02 2.528987324150243410e+00
8.125000000000000278e-02 2.546246464405252041e+00
8.175000000000000322e-02 2.563567740650818827e+00
8.224999999999998979e-02 2.580931506468561842e+00
8.275000000000000411e-02 2.598315184129661670e+00
8.325000000000000455e-02 2.615692852006450408e+00
8.375000000000000500e-02 2.633034767121690045e+00
8.425000000000000544e-02 2.650306811053516398e+00
8.474999999999999201e-02 2.667469844924537536e+00
8.525000000000000633e-02 2.684478956103313330e+00
8.575000000000000677e-02 2.701282575361996674e+00
8.624999999999999334e-02 2.717821438335634276e+00
8.675000000000000766e-02 2.734027358909322913e+00
8.724999999999999423e-02 2.749821774204367575e+00
8.775000000000000855e-02 2.765114010578621606e+00
8.825000000000000899e-02 2.779799206721852656e+00
8.874999999999999556e-02 2.793755812427900054e+00
8.925000000000000988e-02 2.806842558440424629e+00
8.974999999999999645e-02 2.818894761697836149e+00
9.024999999999999689e-02 2.829719788231052746e+00
9.075000000000001121e-02 2.839091438119743405e+00
9.124999999999999778e-02 2.846742936661790235e+00
9.175000000000001210e-02 2.852358101765341214e+00
9.224999999999999867e-02 2.855560095466898929e+00
9.274999999999999911e-02 2.855896924580775931e+00
9.325000000000001343e-02 2.852822507514640726e+00
9.375000000000000000e-02 2.845671547976714066e+00
9.425000000000000044e-02 2.833625675739316563e+00
9.475000000000000089e-02 2.815666681581491915e+00
9.525000000000000133e-02 2.790511034601906193e+00
9.575000000000001565e-02 2.756513648523543303e+00
9.625000000000000222e-02 2.711527977518715993e+00
9.675000000000000266e-02 2.652674007118182686e+00
9.725000000000001699e-02 2.576004412433602120e+00
9.775000000000000355e-02 2.475756895163330640e+00
9.825000000000000400e-02 2.343540099578231395e+00
9.875000000000000444e-02 2.164150425395290789e+00
9.925000000000000488e-02 1.915677127998530960e+00
9.975000000000001921e-02 1.510802774984638219e+00
